   47
BH2524      0.000000  0.000010  0.000010  1.413098  1.413098  1.413098 1.413098  1.413098  1.413098  1.413098  1.413098  1.413098  1.413098 1.413098  1.413098  1.430363  1.430363  1.405585  1.451271  1.451271 1.451271  1.601039  1.460224  1.460224  1.467298  1.457282  1.450232 1.457945  1.457945  1.452891  1.452891  1.450194  1.451279  1.451279 1.451279  1.452899  1.455828  1.450535  1.510445  1.427365  1.132763  1.132763  1.528300  1.378897  1.378897  1.366514  1.399325
BH3503      0.000010  0.000000  0.000010  1.413098  1.413098  1.413098 1.413098  1.413098  1.413098  1.413098  1.413098  1.413098  1.413098 1.413098  1.413098  1.430363  1.430363  1.405585  1.451271  1.451271 1.451271  1.601039  1.460224  1.460224  1.467298  1.457282  1.450232 1.457945  1.457945  1.452891  1.452891  1.450194  1.451279  1.451279
  1.451279  1.452899  1.455828  1.450535  1.510445  1.427365  1.132763 1.132763  1.528300  1.378897  1.378897  1.366514  1.399325
BH3950      0.000010  0.000010  0.000000  1.413098  1.413098  1.413098 1.413098  1.413098  1.413098  1.413098  1.413098  1.413098  1.413098 1.413098  1.413098  1.430363  1.430363  1.405585  1.451271  1.451271 1.451271  1.601039  1.460224  1.460224  1.467298  1.457282  1.450232 1.457945  1.457945  1.452891  1.452891  1.450194  1.451279  1.451279
  1.451279  1.452899  1.455828  1.450535  1.510445  1.427365  1.132763 1.132763  1.528300  1.378897  1.378897  1.366514  1.399325
L0443       1.413098  1.413098  1.413098  0.000000  0.000010  0.000010 0.000010  0.000010  0.000010  0.000010  0.000010  0.000010  0.000010 0.000010  0.000010  0.003136  0.003136  0.003129  1.764928  1.764928 1.764928  1.960481  1.763908  1.763908  1.754426  1.767809  1.770189 1.791046  1.791046  1.784572  1.780026  1.784572  1.754891  1.754891 1.754891  1.774436  1.770533  1.765888  1.877111  1.978675  1.596964 1.596964  2.410452  1.890001  1.890001  1.893503  1.891665
L0444       1.413098  1.413098  1.413098  0.000010  0.000000  0.000010 0.000010  0.000010  0.000010  0.000010  0.000010  0.000010  0.000010 0.000010  0.000010  0.003136  0.003136  0.003129  1.764928  1.764928 1.764928  1.960481  1.763908  1.763908  1.754426  1.767809  1.770189 1.791046  1.791046  1.784572  1.780026  1.784572  1.754891  1.754891 1.754891  1.774436  1.770533  1.765888  1.877111  1.978675  1.596964 1.596964  2.410452  1.890001  1.890001  1.893503  1.891665
L0445       1.413098  1.413098  1.413098  0.000010  0.000010  0.000000 0.000010  0.000010  0.000010  0.000010  0.000010  0.000010  0.000010 0.000010  0.000010  0.003136  0.003136  0.003129  1.764928  1.764928 1.764928  1.960481  1.763908  1.763908  1.754426  1.767809  1.770189 1.791046  1.791046  1.784572  1.780026  1.784572  1.754891  1.754891 1.754891  1.774436  1.770533  1.765888  1.877111  1.978675  1.596964 1.596964  2.410452  1.890001  1.890001  1.893503  1.891665
L0446       1.413098  1.413098  1.413098  0.000010  0.000010  0.000010 0.000000  0.000010  0.000010  0.000010  0.000010  0.000010  0.000010 0.000010  0.000010  0.003136  0.003136  0.003129  1.764928  1.764928 1.764928  1.960481  1.763908  1.763908  1.754426  1.767809  1.770189 1.791046  1.791046  1.784572  1.780026  1.784572  1.754891  1.754891 1.754891  1.774436  1.770533  1.765888  1.877111  1.978675  1.596964 1.596964  2.410452  1.890001  1.890001  1.893503  1.891665
L0447       1.413098  1.413098  1.413098  0.000010  0.000010  0.000010 0.000010  0.000000  0.000010  0.000010  0.000010  0.000010  0.000010 0.000010  0.000010  0.003136  0.003136  0.003129  1.764928  1.764928 1.764928  1.960481  1.763908  1.763908  1.754426  1.767809  1.770189 1.791046  1.791046  1.784572  1.780026  1.784572  1.754891  1.754891 1.754891  1.774436  1.770533  1.765888  1.877111  1.978675  1.596964 1.596964  2.410452  1.890001  1.890001  1.893503  1.891665
L0448       1.413098  1.413098  1.413098  0.000010  0.000010  0.000010 0.000010  0.000010  0.000000  0.000010  0.000010  0.000010  0.000010 0.000010  0.000010  0.003136  0.003136  0.003129  1.764928  1.764928 1.764928  1.960481  1.763908  1.763908  1.754426  1.767809  1.770189 1.791046  1.791046  1.784572  1.780026  1.784572  1.754891  1.754891 1.754891  1.774436  1.770533  1.765888  1.877111  1.978675  1.596964 1.596964  2.410452  1.890001  1.890001  1.893503  1.891665
L0449       1.413098  1.413098  1.413098  0.000010  0.000010  0.000010 0.000010  0.000010  0.000010  0.000000  0.000010  0.000010  0.000010 0.000010  0.000010  0.003136  0.003136  0.003129  1.764928  1.764928 1.764928  1.960481  1.763908  1.763908  1.754426  1.767809  1.770189 1.791046  1.791046  1.784572  1.780026  1.784572  1.754891  1.754891 1.754891  1.774436  1.770533  1.765888  1.877111  1.978675  1.596964 1.596964  2.410452  1.890001  1.890001  1.893503  1.891665
L0450       1.413098  1.413098  1.413098  0.000010  0.000010  0.000010 0.000010  0.000010  0.000010  0.000010  0.000000  0.000010  0.000010 0.000010  0.000010  0.003136  0.003136  0.003129  1.764928  1.764928 1.764928  1.960481  1.763908  1.763908  1.754426  1.767809  1.770189 1.791046  1.791046  1.784572  1.780026  1.784572  1.754891  1.754891 1.754891  1.774436  1.770533  1.765888  1.877111  1.978675  1.596964 1.596964  2.410452  1.890001  1.890001  1.893503  1.891665
L0451       1.413098  1.413098  1.413098  0.000010  0.000010  0.000010 0.000010  0.000010  0.000010  0.000010  0.000010  0.000000  0.000010 0.000010  0.000010  0.003136  0.003136  0.003129  1.764928  1.764928 1.764928  1.960481 1.763908  1.763908  1.754426  1.767809  1.770189 1.791046  1.791046  1.784572  1.780026  1.784572  1.754891  1.754891 1.754891  1.774436  1.770533  1.765888  1.877111  1.978675  1.596964 1.596964  2.410452  1.890001  1.890001  1.893503  1.891665
L0452       1.413098  1.413098  1.413098  0.000010  0.000010  0.000010 0.000010  0.000010  0.000010  0.000010  0.000010  0.000010  0.000000 0.000010  0.000010  0.003136  0.003136  0.003129  1.764928  1.764928 1.764928  1.960481  1.763908  1.763908  1.754426  1.767809  1.770189 1.791046  1.791046  1.784572  1.780026  1.784572  1.754891  1.754891 1.754891  1.774436  1.770533  1.765888  1.877111  1.978675  1.596964 1.596964  2.410452  1.890001  1.890001  1.893503  1.891665
L0453       1.413098  1.413098  1.413098  0.000010  0.000010  0.000010
  0.000010  0.000010  0.000010  0.000010  0.000010  0.000010  0.000010
  0.000000  0.000010  0.003136  0.003136  0.003129  1.764928  1.764928
  1.764928  1.960481  1.763908  1.763908  1.754426  1.767809  1.770189
  1.791046  1.791046  1.784572  1.780026  1.784572  1.754891  1.754891
  1.754891  1.774436  1.770533  1.765888  1.877111  1.978675  1.596964
  1.596964  2.410452  1.890001  1.890001  1.893503  1.891665
L0456       1.413098  1.413098  1.413098  0.000010  0.000010  0.000010
  0.000010  0.000010  0.000010  0.000010  0.000010  0.000010  0.000010
  0.000010  0.000000  0.003136  0.003136  0.003129  1.764928  1.764928
  1.764928  1.960481  1.763908  1.763908  1.754426  1.767809  1.770189
  1.791046  1.791046  1.784572  1.780026  1.784572  1.754891  1.754891
  1.754891  1.774436  1.770533  1.765888  1.877111  1.978675  1.596964
  1.596964  2.410452  1.890001  1.890001  1.893503  1.891665
L0454       1.430363  1.430363  1.430363  0.003136  0.003136  0.003136
  0.003136  0.003136  0.003136  0.003136  0.003136  0.003136  0.003136
  0.003136  0.003136  0.000000  0.000010  0.006277  1.774815  1.774815
  1.774815  1.976417  1.773780  1.773780  1.764164  1.777724  1.780137
  1.801221  1.801221  1.794672  1.790057  1.794672  1.764649  1.764649
  1.764649  1.784404  1.780459  1.775738  1.901947  2.005212  1.568934
  1.568934  2.335677  1.858865  1.858865  1.862305  1.860297
L0455       1.430363  1.430363  1.430363  0.003136  0.003136  0.003136
  0.003136  0.003136  0.003136  0.003136  0.003136  0.003136  0.003136
  0.003136  0.003136  0.000010  0.000000  0.006277  1.774815  1.774815
  1.774815  1.976417  1.773780  1.773780  1.764164  1.777724  1.780137
  1.801221  1.801221  1.794672  1.790057  1.794672  1.764649  1.764649
  1.764649  1.784404  1.780459  1.775738  1.901947  2.005212  1.568934
  1.568934  2.335677  1.858865  1.858865  1.862305  1.860297
L00457      1.405585  1.405585  1.405585  0.003129  0.003129  0.003129
  0.003129  0.003129  0.003129  0.003129  0.003129  0.003129  0.003129
  0.003129  0.003129  0.006277  0.006277  0.000000  1.765707  1.765707
  1.765707  1.960781  1.764690  1.764690  1.755229  1.768581  1.770955
  1.791759  1.791759  1.785302  1.780766  1.785302  1.755693  1.755693
  1.755693  1.775189  1.771297  1.766661  1.877596  1.963317  1.596964
  1.596964  2.410452  1.890461  1.890461  1.893953  1.892123
NMB1770     1.451271  1.451271  1.451271  1.764928  1.764928  1.764928
  1.764928  1.764928  1.764928  1.764928  1.764928  1.764928  1.764928
  1.764928  1.764928  1.774815  1.774815  1.765707  0.000000  0.000010
  0.003061  0.011528  0.009210  0.009210  0.009213  0.006137  0.009191
  0.009225  0.009225  0.006145  0.009216  0.012328  0.006131  0.006131
  0.006131  0.009231  0.012313  0.018488  1.470558  1.785855  1.189517
  1.189517  1.855812  1.633210  1.633210  1.628417  1.630963
NMB1713     1.451271  1.451271  1.451271  1.764928  1.764928  1.764928
  1.764928  1.764928  1.764928  1.764928  1.764928  1.764928  1.764928
  1.764928  1.764928  1.774815  1.774815  1.765707  0.000010  0.000000
  0.003061  0.011528  0.009210  0.009210  0.009213  0.006137  0.009191
  0.009225  0.009225  0.006145  0.009216  0.012328  0.006131  0.006131
  0.006131  0.009231  0.012313  0.018488  1.470558  1.785855  1.189517
  1.189517  1.855812  1.633210  1.633210  1.628417  1.630963
NMB0834     1.451271  1.451271  1.451271  1.764928  1.764928  1.764928
  1.764928  1.764928  1.764928  1.764928  1.764928  1.764928  1.764928
  1.764928  1.764928  1.774815  1.774815  1.765707  0.003061  0.003061
  0.000000  0.007670  0.006130  0.006130  0.006133  0.003064  0.006118
  0.006140  0.006140  0.003068  0.006135  0.009232  0.003061  0.003061
  0.003061  0.006145  0.009221  0.015383  1.467466  1.770235  1.189517
  1.189517  1.848287  1.629628  1.629628  1.624850  1.627369
NMA0511     1.601039  1.601039  1.601039  1.960481  1.960481  1.960481
  1.960481  1.960481  1.960481  1.960481  1.960481  1.960481  1.960481
  1.960481  1.960481  1.976417  1.976417  1.960781  0.011528  0.011528
  0.007670  0.000000  0.000010  0.000010  0.003835  0.003835  0.015360
  0.015431  0.015431  0.011561  0.015413  0.011561  0.011527  0.011527
  0.011527  0.015444  0.011555  0.019282  1.609435  1.775555  1.173943
  1.173943  1.806407  1.774368  1.774368  1.767815  1.774368
NMA1481     1.460224  1.460224  1.460224  1.763908  1.763908  1.763908
  1.763908  1.763908  1.763908  1.763908  1.763908  1.763908  1.763908
  1.763908  1.763908  1.773780  1.773780  1.764690  0.009210  0.009210
  0.006130  0.000010  0.000000  0.000010  0.006135  0.003065  0.012273
  0.012318  0.012318  0.009231  0.012307  0.015433  0.009209  0.009209
  0.009209  0.012326  0.009227  0.015393  1.460840  1.763200  1.173943
  1.173943  1.806407  1.609367  1.609367  1.604666  1.607035
NMA1486     1.460224  1.460224  1.460224  1.763908  1.763908  1.763908
  1.763908  1.763908  1.763908  1.763908  1.763908  1.763908  1.763908
  1.763908  1.763908  1.773780  1.773780  1.764690  0.009210  0.009210
  0.006130  0.000010  0.000010  0.000000  0.006135  0.003065  0.012273
  0.012318  0.012318  0.009231  0.012307  0.015433  0.009209  0.009209
  0.009209  0.012326  0.009227  0.015393  1.460840  1.763200  1.173943
  1.173943  1.806407  1.609367  1.609367  1.604666  1.607035
NMA0768     1.467298  1.467298  1.467298  1.754426  1.754426  1.754426
  1.754426  1.754426  1.754426  1.754426  1.754426  1.754426  1.754426
  1.754426  1.754426  1.764164  1.764164  1.755229  0.009213  0.009213
  0.006133  0.003835  0.006135  0.006135  0.000000  0.003066  0.012278
  0.012323  0.012323  0.009234  0.012312  0.015440  0.009213  0.009213
  0.009213  0.012331  0.015421  0.021610  1.484998  1.791109  1.173943
  1.173943  1.838285  1.635894  1.635894  1.631115  1.633669
NMA1814     1.457282  1.457282  1.457282  1.767809  1.767809  1.767809
  1.767809  1.767809  1.767809  1.767809  1.767809  1.767809  1.767809
  1.767809  1.767809  1.777724  1.777724  1.768581  0.006137  0.006137
  0.003064  0.003835  0.003065  0.003065  0.003066  0.000000  0.009201
  0.009234  0.009234  0.006151  0.009226  0.012341  0.006137  0.006137
  0.006137  0.009241  0.012326  0.018508  1.475125  1.779530  1.173943
  1.173943  1.838285  1.625211  1.625211  1.620459  1.622940
NMA0033     1.450232  1.450232  1.450232  1.770189  1.770189  1.770189
  1.770189  1.770189  1.770189  1.770189  1.770189  1.770189  1.770189
  1.770189  1.770189  1.780137  1.780137  1.770955  0.009191  0.009191
  0.006118  0.015360  0.012273  0.012273  0.012278  0.009201  0.000000
  0.012293  0.012293  0.009212  0.012282  0.015402  0.009191  0.009191
  0.009191  0.012301  0.015383  0.015361  1.455732  1.777433  1.189517
  1.189517  1.841802  1.622940  1.622940  1.618183  1.620654
NMB1259     1.457945  1.457945  1.457945  1.791046  1.791046  1.791046
  1.791046  1.791046  1.791046  1.791046  1.791046  1.791046  1.791046
  1.791046  1.791046  1.801221  1.801221  1.791759  0.009225  0.009225
  0.006140  0.015431  0.012318  0.012318  0.012323  0.009234  0.012293
  0.000000  0.000010  0.003064  0.006128  0.009222  0.009224  0.009224
  0.009224  0.006138  0.009211  0.015366  1.478908  1.778287  1.189517
  1.189517  1.863366  1.637021  1.637021  1.632219  1.634791
NMB1251     1.457945  1.457945  1.457945  1.791046  1.791046  1.791046
  1.791046  1.791046  1.791046  1.791046  1.791046  1.791046  1.791046
  1.791046  1.791046  1.801221  1.801221  1.791759  0.009225  0.009225
  0.006140  0.015431  0.012318  0.012318  0.012323  0.009234  0.012293
  0.000010  0.000000  0.003064  0.006128  0.009222  0.009224  0.009224
  0.009224  0.006138  0.009211  0.015366  1.478908  1.778287  1.189517
  1.189517  1.863366  1.637021  1.637021  1.632219  1.634791
NMB0635     1.452891  1.452891  1.452891  1.784572  1.784572  1.784572
  1.784572  1.784572  1.784572  1.784572  1.784572  1.784572  1.784572
  1.784572  1.784572  1.794672  1.794672  1.785302  0.006145  0.006145
  0.003068  0.011561  0.009231  0.009231  0.009234  0.006151  0.009212
  0.003064  0.003064  0.000000  0.003061  0.006143  0.006145  0.006145
  0.006145  0.003066  0.006135  0.012283  1.469070  1.772333  1.189517
  1.189517  1.852247  1.631492  1.631492  1.626706  1.629239
NMB0805     1.452891  1.452891  1.452891  1.780026  1.780026  1.780026
  1.780026  1.780026  1.780026  1.780026  1.780026  1.780026  1.780026
  1.780026  1.780026  1.790057  1.790057  1.780766  0.009216  0.009216
  0.006135  0.015413  0.012307  0.012307  0.012312  0.009226  0.012282
  0.006128  0.006128  0.003061  0.000000  0.009213  0.009216  0.009216
  0.009216  0.006132  0.009202  0.009198  1.468319  1.780568  1.194622
  1.194622  1.853527  1.632256  1.632256  1.627471  1.630008
NMB1099     1.450194  1.450194  1.450194  1.784572  1.784572  1.784572
  1.784572  1.784572  1.784572  1.784572  1.784572  1.784572  1.784572
  1.784572  1.784572  1.794672  1.794672  1.785302  0.012328  0.012328
  0.009232  0.011561  0.015433  0.015433  0.015440  0.012341  0.015402
  0.009222  0.009222  0.006143  0.009213  0.000000  0.012328  0.012328
  0.012328  0.009228  0.012309  0.018482  1.483898  1.765897  1.189517
  1.189517  1.852247  1.628659  1.628659  1.623878  1.626393
NMB0225     1.451279  1.451279  1.451279  1.754891  1.754891  1.754891
  1.754891  1.754891  1.754891  1.754891  1.754891  1.754891  1.754891
  1.754891  1.754891  1.764649  1.764649  1.755693  0.006131  0.006131
  0.003061  0.011527  0.009209  0.009209  0.009213  0.006137  0.009191
  0.009224  0.009224  0.006145  0.009216  0.012328  0.000000  0.000010
  0.000010  0.003068  0.006138  0.012288  1.467473  1.772506  1.256664
  1.256664  1.848227  1.629563  1.629563  1.624784  1.627303
NMB2148     1.451279  1.451279  1.451279  1.754891  1.754891  1.754891
  1.754891  1.754891  1.754891  1.754891  1.754891  1.754891  1.754891
  1.754891  1.754891  1.764649  1.764649  1.755693  0.006131  0.006131
  0.003061  0.011527  0.009209  0.009209  0.009213  0.006137  0.009191
  0.009224  0.009224  0.006145  0.009216  0.012328  0.000010  0.000000
  0.000010  0.003068  0.006138  0.012288  1.467473  1.772506  1.256664
  1.256664  1.848227  1.629563  1.629563  1.624784  1.627303
NMB1050     1.451279  1.451279  1.451279  1.754891  1.754891  1.754891
  1.754891  1.754891  1.754891  1.754891  1.754891  1.754891  1.754891
  1.754891  1.754891  1.764649  1.764649  1.755693  0.006131  0.006131
  0.003061  0.011527  0.009209  0.009209  0.009213  0.006137  0.009191
  0.009224  0.009224  0.006145  0.009216  0.012328  0.000010  0.000010
  0.000000  0.003068  0.006138  0.012288  1.467473  1.772506  1.256664
  1.256664  1.848227  1.629563  1.629563  1.624784  1.627303
NMB1022     1.452899  1.452899  1.452899  1.774436  1.774436  1.774436
  1.774436  1.774436  1.774436  1.774436  1.774436  1.774436  1.774436
  1.774436  1.774436  1.784404  1.784404  1.775189  0.009231  0.009231
  0.006145  0.015444  0.012326  0.012326  0.012331  0.009241  0.012301
  0.006138  0.006138  0.003066  0.006132  0.009228  0.003068  0.003068
  0.003068  0.000000  0.003063  0.009198  1.469078  1.774607  1.256664
  1.256664  1.852188  1.631427  1.631427  1.626640  1.629173
NMB0443     1.455828  1.455828  1.455828  1.770533  1.770533  1.770533
  1.770533  1.770533  1.770533  1.770533  1.770533  1.770533  1.770533
  1.770533  1.770533  1.780459  1.780459  1.771297  0.012313  0.012313
  0.009221  0.011555  0.009227  0.009227  0.015421  0.012326  0.015383
  0.009211  0.009211  0.006135  0.009202  0.012309  0.006138  0.006138
  0.006138  0.003063  0.000000  0.006120  1.454859  1.758347  1.256664
  1.256664  1.819784  1.615454  1.615454  1.610720  1.613138
NMB0911     1.450535  1.450535  1.450535  1.765888  1.765888  1.765888
  1.765888  1.765888  1.765888  1.765888  1.765888  1.765888  1.765888
  1.765888  1.765888  1.775738  1.775738  1.766661  0.018488  0.018488
  0.015383  0.019282  0.015393  0.015393  0.021610  0.018508  0.015361
  0.015366  0.015366  0.012283  0.009198  0.018482  0.012288  0.012288
  0.012288  0.009198  0.006120  0.000000  1.443930  1.765483  1.261896
  1.261896  1.821071  1.612588  1.612588  1.607862  1.610261
Rv3191c     1.510445  1.510445  1.510445  1.877111  1.877111  1.877111
  1.877111  1.877111  1.877111  1.877111  1.877111  1.877111  1.877111
  1.877111  1.877111  1.901947  1.901947  1.877596  1.470558  1.470558
  1.467466  1.609435  1.460840  1.460840  1.484998  1.475125  1.455732
  1.478908  1.478908  1.469070  1.468319  1.483898  1.467473  1.467473
  1.467473  1.469078  1.454859  1.443930  0.000000  1.613002  1.089583
  1.089583  1.601194  1.297469  1.297469  1.306299  1.304291
CC1761      1.427365  1.427365  1.427365  1.978675  1.978675  1.978675
  1.978675  1.978675  1.978675  1.978675  1.978675  1.978675  1.978675
  1.978675  1.978675  2.005212  2.005212  1.963317  1.785855  1.785855
  1.770235  1.775555  1.763200  1.763200  1.791109  1.779530  1.777433
  1.778287  1.778287  1.772333  1.780568  1.765897  1.772506  1.772506
  1.772506  1.774607  1.758347  1.765483  1.613002  0.000000  0.926626
  0.926626  1.541992  1.362256  1.362256  1.357353  1.368397
Z1133       1.132763  1.132763  1.132763  1.596964  1.596964  1.596964
  1.596964  1.596964  1.596964  1.596964  1.596964  1.596964  1.596964
  1.596964  1.596964  1.568934  1.568934  1.596964  1.189517  1.189517
  1.189517  1.173943  1.173943  1.173943  1.173943  1.173943  1.189517
  1.189517  1.189517  1.189517  1.194622  1.189517  1.256664  1.256664
  1.256664  1.256664  1.256664  1.261896  1.089583  0.926626  0.000000
  0.000010  0.027818  0.027818  0.027818  0.027818  0.171132
Z1572       1.132763  1.132763  1.132763  1.596964  1.596964  1.596964
  1.596964  1.596964  1.596964  1.596964  1.596964  1.596964  1.596964
  1.596964  1.596964  1.568934  1.568934  1.596964  1.189517  1.189517
  1.189517  1.173943  1.173943  1.173943  1.173943  1.173943  1.189517
  1.189517  1.189517  1.189517  1.194622  1.189517  1.256664  1.256664
  1.256664  1.256664  1.256664  1.261896  1.089583  0.926626  0.000010
  0.000000  0.027818  0.027818  0.027818  0.027818  0.171132
Ztra8.3     1.528300  1.528300  1.528300  2.410452  2.410452  2.410452
  2.410452  2.410452  2.410452  2.410452  2.410452  2.410452  2.410452
  2.410452  2.410452  2.335677  2.335677  2.410452  1.855812  1.855812
  1.848287  1.806407  1.806407  1.806407  1.838285  1.838285  1.841802
  1.863366  1.863366  1.852247  1.853527  1.852247  1.848227  1.848227
  1.848227  1.852188  1.819784  1.821071  1.601194  1.541992  0.027818
  0.027818  0.000000  0.015622  0.015622  0.015622  0.070428
tra8_g3     1.378897  1.378897  1.378897  1.890001  1.890001  1.890001
  1.890001  1.890001  1.890001  1.890001  1.890001  1.890001  1.890001
  1.890001  1.890001  1.858865  1.858865  1.890461  1.633210  1.633210
  1.629628  1.774368  1.609367  1.609367  1.635894  1.625211  1.622940
  1.637021  1.637021  1.631492  1.632256  1.628659  1.629563  1.629563
  1.629563  1.631427  1.615454  1.612588  1.297469  1.362256  0.027818
  0.027818  0.015622  0.000000  0.000010  0.002564  0.037586
tra8_g2     1.378897  1.378897  1.378897  1.890001  1.890001  1.890001
  1.890001  1.890001  1.890001  1.890001  1.890001  1.890001  1.890001
  1.890001  1.890001  1.858865  1.858865  1.890461  1.633210  1.633210
  1.629628  1.774368  1.609367  1.609367  1.635894  1.625211  1.622940
  1.637021  1.637021  1.631492  1.632256  1.628659  1.629563  1.629563
  1.629563  1.631427  1.615454  1.612588  1.297469  1.362256  0.027818
  0.027818  0.015622  0.000010  0.000000  0.002564  0.037586
tra8_g1     1.366514  1.366514  1.366514  1.893503  1.893503  1.893503
  1.893503  1.893503  1.893503  1.893503  1.893503  1.893503  1.893503
  1.893503  1.893503  1.862305  1.862305  1.893953  1.628417  1.628417
  1.624850  1.767815  1.604666  1.604666  1.631115  1.620459  1.618183
  1.632219  1.632219  1.626706  1.627471  1.623878  1.624784  1.624784
  1.624784  1.626640  1.610720  1.607862  1.306299  1.357353  0.027818
  0.027818  0.015622  0.002564  0.002564  0.000000  0.040310
Ztra8.2     1.399325  1.399325  1.399325  1.891665  1.891665  1.891665
  1.891665  1.891665  1.891665  1.891665  1.891665  1.891665  1.891665
  1.891665  1.891665  1.860297  1.860297  1.892123  1.630963  1.630963
  1.627369  1.774368  1.607035  1.607035  1.633669  1.622940  1.620654
  1.634791  1.634791  1.629239  1.630008  1.626393  1.627303  1.627303
  1.627303  1.629173  1.613138  1.610261  1.304291  1.368397  0.171132
  0.171132  0.070428  0.037586  0.037586  0.040310  0.000000

