 7 
Alpha      0.000 1.250 2.500 2.700 3.200 4.000 4.320
Beta       1.250 0.000 2.800 3.000 2.800 4.120 5.120
Gamma      2.500 2.800 0.000 2.000 1.800 3.670 6.880
Delta      2.700 3.000 2.000 0.000 1.000 4.100 7.320
Epsilon    3.200 2.800 1.800 1.000 0.000 3.450 8.660
Zeta       4.000 4.120 3.670 4.100 3.450 0.000 9.340
Epsilon    4.320 5.120 6.880 7.320 8.660 9.340 0.000
